[gd_scene load_steps=12 format=2]

[ext_resource path="res://scenes/maps/kazan/kazan_osm_flip.jpg" type="Texture" id=1]
[ext_resource path="res://scenes/maps/kazan_spawner_manager.gd" type="Script" id=2]
[ext_resource path="res://scenes/misc/orbit_camera.tscn" type="PackedScene" id=3]
[ext_resource path="res://scenes/maps/kazan.gd" type="Script" id=4]
[ext_resource path="res://scenes/misc/vehicle_spawner.tscn" type="PackedScene" id=5]
[ext_resource path="res://addons/folder_node/folder.gd" type="Script" id=6]
[ext_resource path="res://scenes/buildings/residential/prefab/1-447/1-447-5.tscn" type="PackedScene" id=7]
[ext_resource path="res://scenes/buildings/residential/prefab/1-447/1-447-10.tscn" type="PackedScene" id=8]
[ext_resource path="res://scenes/buildings/residential/prefab/1-447/1-447-4.tscn" type="PackedScene" id=9]

[sub_resource type="PhysicsMaterial" id=1]
friction = 0.9

[sub_resource type="SpatialMaterial" id=2]
flags_unshaded = true
albedo_texture = ExtResource( 1 )

[node name="kazan" type="Spatial"]
script = ExtResource( 4 )

[node name="terrain" type="StaticBody" parent="."]
physics_material_override = SubResource( 1 )

[node name="csg_box" type="CSGBox" parent="terrain"]
transform = Transform( -1.62921e-07, 0, 1, 0, 1, 0, -1, 0, -1.62921e-07, 0, 0, 0 )
use_collision = true
width = 20480.0
height = 0.01
depth = 20480.0
material = SubResource( 2 )

[node name="spawner_manager" type="Node" parent="."]
script = ExtResource( 2 )

[node name="vehicle_spawner_user" parent="." instance=ExtResource( 5 )]
transform = Transform( -0.707107, 0, -0.707107, 0, 1, 0, 0.707107, 0, -0.707107, 2712, 0.5, -1571 )
spawner_manager_path = NodePath("../spawner_manager")
user_controllable = true

[node name="orbit_camera" parent="." instance=ExtResource( 3 )]
max_pitch = 60.0
min_pitch = -60.0
vertical_sensitivity = 0.006
horizontal_sensitivity = 0.006
target = NodePath("../vehicle_spawner_user")

[node name="buildings" type="Node" parent="."]
script = ExtResource( 6 )

[node name="residential" type="Node" parent="buildings"]
script = ExtResource( 6 )

[node name="sovetsky" type="Node" parent="buildings/residential"]
script = ExtResource( 6 )

[node name="novatorov_1" parent="buildings/residential/sovetsky" instance=ExtResource( 9 )]
transform = Transform( 0.374607, 0, -0.927184, 0, 1, 0, 0.927184, 0, 0.374607, 2650, 0, -1584 )

[node name="novatorov_1b" parent="buildings/residential/sovetsky" instance=ExtResource( 9 )]
transform = Transform( -0.798636, 0, -0.601815, 0, 1, 0, 0.601815, 0, -0.798636, 2770, 0, -1479 )

[node name="novatorov_2" parent="buildings/residential/sovetsky" instance=ExtResource( 9 )]
transform = Transform( 0.927184, 0, 0.374607, 0, 1, 0, -0.374607, 0, 0.927184, 2653, 0, -1629 )

[node name="novatorov_3" parent="buildings/residential/sovetsky" instance=ExtResource( 9 )]
transform = Transform( 0.927184, 0, 0.374607, 0, 1, 0, -0.374607, 0, 0.927184, 2611, 0, -1613 )

[node name="novatorov_4" parent="buildings/residential/sovetsky" instance=ExtResource( 7 )]
transform = Transform( 0.927184, 0, 0.374607, 0, 1, 0, -0.374607, 0, 0.927184, 2627, 0, -1685 )

[node name="novatorov_5" parent="buildings/residential/sovetsky" instance=ExtResource( 7 )]
transform = Transform( 0.927184, 0, 0.374607, 0, 1, 0, -0.374607, 0, 0.927184, 2588, 0, -1673 )

[node name="novatorov_6" parent="buildings/residential/sovetsky" instance=ExtResource( 7 )]
transform = Transform( 0.927184, 0, 0.374607, 0, 1, 0, -0.374607, 0, 0.927184, 2589, 0, -1776 )

[node name="novatorov_7" parent="buildings/residential/sovetsky" instance=ExtResource( 9 )]
transform = Transform( 0.743145, 0, 0.669131, 0, 1, 0, -0.669131, 0, 0.743145, 2548, 0, -1744 )

[node name="novatorov_8" parent="buildings/residential/sovetsky" instance=ExtResource( 7 )]
transform = Transform( 0.927184, 0, 0.374607, 0, 1, 0, -0.374607, 0, 0.927184, 2556, 0, -1858 )

[node name="novatorov_9" parent="buildings/residential/sovetsky" instance=ExtResource( 8 )]
transform = Transform( 0.358368, 0, 0.93358, 0, 1, 0, -0.93358, 0, 0.358368, 2481, 0, -1784 )

[node name="novatorov_10" parent="buildings/residential/sovetsky" instance=ExtResource( 9 )]
transform = Transform( 0.390731, 0, -0.920505, 0, 1, 0, 0.920505, 0, 0.390731, 2521, 0, -1911 )

[node name="novatorov_11" parent="buildings/residential/sovetsky" instance=ExtResource( 9 )]
transform = Transform( 0.891006, 0, -0.45399, 0, 1, 0, 0.45399, 0, 0.891006, 2425, 0, -1816 )

[node name="novatorov_12" parent="buildings/residential/sovetsky" instance=ExtResource( 7 )]
transform = Transform( -0.694658, 0, 0.71934, 0, 1, 0, -0.71934, 0, -0.694658, 2467, 0, -1871 )

[node name="oktiabrsky_1_110" parent="buildings/residential/sovetsky" instance=ExtResource( 7 )]
transform = Transform( 0.777146, 0, -0.629321, 0, 1, 0, 0.629321, 0, 0.777146, 2792, 0, -1161 )

[node name="oktiabrsky_1_111" parent="buildings/residential/sovetsky" instance=ExtResource( 7 )]
transform = Transform( 0.777146, 0, -0.629321, 0, 1, 0, 0.629321, 0, 0.777146, 2736, 0, -1091 )
